192 1.88409 -0.0292715
384 1.10041 -0.0585431
576 1.12964 -0.0878146
768 1.07405 -0.117086
960 1.10927 -0.146358
1152 1.25866 -0.175629
1344 1.18926 -0.204901
1536 1.27691 -0.234172
1728 1.15109 -0.263444
1920 1.18905 -0.292715
2112 1.16937 -0.321987
2304 1.09263 -0.351258
2496 1.20575 -0.38053
2688 1.25623 -0.409802
2880 1.49601 -0.439073
3072 1.47548 -0.468345
3264 1.56589 -0.497616
3456 1.49403 -0.526888
3648 1.41466 -0.556159
3840 1.52456 -0.585431
4032 1.63727 -0.614702
4224 1.6557 -0.643974
4416 1.58053 -0.673245
4608 1.70448 -0.702517
4800 1.5622 -0.731789
4992 1.77982 -0.76106
5184 1.81807 -0.790332
5376 2.15136 -0.819603
5568 2.07606 -0.848875
5760 2.15614 -0.878146
5952 2.09466 -0.907418
6144 2.08611 -0.936689
6336 2.07035 -0.965961
6528 2.14627 -0.995232
6720 2.16741 -1.0245
6912 2.19507 -1.05378
7104 2.15014 -1.08305
7296 2.09384 -1.11232
7488 2.25082 -1.14159
7680 2.21294 -1.17086
7872 2.77889 -1.20013
8064 2.6474 -1.2294
8256 2.92697 -1.25868
8448 3.24881 -1.28795
8640 2.93423 -1.31722
8832 3.13042 -1.34649
9024 3.18518 -1.37576
9216 3.26714 -1.40503
9408 3.32185 -1.43431
9600 3.20139 -1.46358
9792 3.3945 -1.49285
9984 3.31998 -1.52212
10176 3.30031 -1.55139
10368 3.51954 -1.58066
10560 3.72028 -1.60993
10752 3.25759 -1.63921
10944 3.31387 -1.66848
11136 3.34429 -1.69775
11328 3.29006 -1.72702
11520 3.2251 -1.75629
11712 3.35193 -1.78556
11904 3.28524 -1.81484
12096 3.55558 -1.84411
12288 3.53582 -1.87338
12480 3.86999 -1.90265
12672 3.75751 -1.93192
12864 3.95055 -1.96119
13056 3.74113 -1.99046
13248 3.94348 -2.01974
13440 4.02941 -2.04901
13632 3.8859 -2.07828
13824 3.88323 -2.10755
14016 3.8388 -2.13682
14208 3.72001 -2.16609
14400 3.92121 -2.19537
14592 3.79334 -2.22464
14784 3.84806 -2.25391
14976 3.79663 -2.28318
15168 3.9586 -2.31245
15360 3.84831 -2.34172
15552 4.30192 -2.37099
15744 4.33397 -2.40027
15936 4.47758 -2.42954
16128 4.46977 -2.45881
16320 4.40505 -2.48808
16512 4.45477 -2.51735
16704 4.4202 -2.54662
16896 4.72714 -2.5759
17088 4.5554 -2.60517
17280 4.85133 -2.63444
17472 5.01756 -2.66371
17664 4.92332 -2.69298
17856 4.79244 -2.72225
18048 4.91594 -2.75152
18240 5.13002 -2.7808
18432 4.92889 -2.81007
18624 5.03148 -2.83934
18816 5.1979 -2.86861
19008 5.15155 -2.89788
19200 4.94882 -2.92715
19392 5.33313 -2.95643
19584 5.30183 -2.9857
19776 5.23602 -3.01497
19968 5.55746 -3.04424
20160 5.4573 -3.07351
20352 5.65785 -3.10278
20544 5.86917 -3.13205
20736 5.5811 -3.16133
20928 5.57848 -3.1906
21120 6.03297 -3.21987
21312 5.6125 -3.24914
21504 5.80854 -3.27841
21696 5.76177 -3.30768
21888 5.7609 -3.33696
22080 5.87343 -3.36623
22272 5.9234 -3.3955
22464 5.83416 -3.42477
22656 5.81069 -3.45404
22848 6.18446 -3.48331
23040 5.86212 -3.51258
23232 6.46959 -3.54186
23424 6.37351 -3.57113
23616 6.43414 -3.6004
23808 6.4587 -3.62967
24000 6.81434 -3.65894
24192 6.62977 -3.68821
24384 6.87586 -3.71749
24576 6.78727 -3.74676
24768 6.8767 -3.77603
24960 6.94118 -3.8053
25152 6.70258 -3.83457
25344 6.76479 -3.86384
25536 6.63958 -3.89311
25728 6.66438 -3.92239
25920 6.88613 -3.95166
26112 7.00335 -3.98093
26304 7.0201 -4.0102
26496 7.24951 -4.03947
26688 7.49265 -4.06874
26880 7.39075 -4.09802
27072 7.54511 -4.12729
27264 7.46808 -4.15656
27456 7.57001 -4.18583
27648 7.66984 -4.2151
27840 7.48757 -4.24437
28032 7.61465 -4.27364
28224 7.62686 -4.30292
28416 7.48443 -4.33219
28608 7.74136 -4.36146
28800 7.65834 -4.39073
28992 7.67744 -4.42
29184 7.61618 -4.44927
29376 7.58889 -4.47855
29568 7.52498 -4.50782
29760 7.31888 -4.53709
29952 7.5653 -4.56636
30144 7.53467 -4.59563
30336 7.39128 -4.6249
30528 7.58976 -4.65417
30720 7.43613 -4.68345
30912 7.56916 -4.71272
31104 7.5909 -4.74199
31296 8.02606 -4.77126
31488 7.85581 -4.80053
31680 8.07725 -4.8298
31872 8.12264 -4.85908
32064 8.02967 -4.88835
32256 8.2709 -4.91762
32448 7.9672 -4.94689
32640 7.93639 -4.97616
32832 7.98897 -5.00543
33024 8.35943 -5.0347
33216 8.05817 -5.06398
33408 8.16804 -5.09325
33600 8.25693 -5.12252
33792 8.23773 -5.15179
33984 8.54619 -5.18106
34176 8.57101 -5.21033
34368 8.81817 -5.23961
34560 8.65559 -5.26888
34752 8.90577 -5.29815
34944 8.90747 -5.32742
35136 8.97729 -5.35669
35328 8.83628 -5.38596
35520 8.71332 -5.41523
35712 8.87043 -5.44451
35904 8.79606 -5.47378
36096 9.0412 -5.50305
36288 8.98196 -5.53232
36480 9.08601 -5.56159
36672 9.11274 -5.59086
36864 9.11283 -5.62014
37056 8.87581 -5.64941
37248 9.22777 -5.67868
37440 9.16395 -5.70795
37632 9.05259 -5.73722
37824 9.12057 -5.76649
38016 9.1897 -5.79576
38208 9.35348 -5.82504
38400 9.22069 -5.85431
