192 0.130966 -0.0292715
384 0.261125 -0.0585431
576 0.392362 -0.0878146
768 0.519797 -0.117086
960 0.644935 -0.146358
1152 0.771208 -0.175629
1344 0.908339 -0.204901
1536 1.02954 -0.234172
1728 1.15636 -0.263444
1920 1.29136 -0.292715
2112 1.42054 -0.321987
2304 1.54577 -0.351258
2496 1.67931 -0.38053
2688 1.81573 -0.409802
2880 1.93318 -0.439073
3072 2.06639 -0.468345
3264 2.18643 -0.497616
3456 2.31167 -0.526888
3648 2.44342 -0.556159
3840 2.58104 -0.585431
4032 2.6957 -0.614702
4224 2.83212 -0.643974
4416 2.9571 -0.673245
4608 3.08805 -0.702517
4800 3.21721 -0.731789
4992 3.3814 -0.76106
5184 3.46895 -0.790332
5376 3.60835 -0.819603
5568 3.73398 -0.848875
5760 3.86933 -0.878146
5952 3.99786 -0.907418
6144 4.11708 -0.936689
6336 4.24898 -0.965961
6528 4.3889 -0.995232
6720 4.50574 -1.0245
6912 4.63923 -1.05378
7104 4.77281 -1.08305
7296 4.90448 -1.11232
7488 5.0274 -1.14159
7680 5.13619 -1.17086
7872 5.27987 -1.20013
8064 5.41143 -1.2294
8256 5.53411 -1.25868
8448 5.67401 -1.28795
8640 5.78896 -1.31722
8832 5.90991 -1.34649
9024 6.04887 -1.37576
9216 6.18108 -1.40503
9408 6.33001 -1.43431
9600 6.44204 -1.46358
9792 6.55396 -1.49285
9984 6.69862 -1.52212
10176 6.82697 -1.55139
10368 6.95562 -1.58066
10560 7.07967 -1.60993
10752 7.20651 -1.63921
10944 7.37189 -1.66848
11136 7.49033 -1.69775
11328 7.59459 -1.72702
11520 7.72446 -1.75629
11712 7.84676 -1.78556
11904 7.96823 -1.81484
12096 8.09935 -1.84411
12288 8.23409 -1.87338
12480 8.34496 -1.90265
12672 8.48877 -1.93192
12864 8.60971 -1.96119
13056 8.7586 -1.99046
13248 8.86632 -2.01974
13440 9.01323 -2.04901
13632 9.11471 -2.07828
13824 9.26302 -2.10755
14016 9.39547 -2.13682
14208 9.52951 -2.16609
14400 9.65407 -2.19537
14592 9.78931 -2.22464
14784 9.90913 -2.25391
14976 10.0343 -2.28318
15168 10.1664 -2.31245
15360 10.2853 -2.34172
15552 10.4271 -2.37099
15744 10.5485 -2.40027
15936 10.6858 -2.42954
16128 10.8113 -2.45881
16320 10.9578 -2.48808
16512 11.104 -2.51735
16704 11.2206 -2.54662
16896 11.3197 -2.5759
17088 11.4741 -2.60517
17280 11.8006 -2.63444
17472 11.7877 -2.66371
17664 11.8908 -2.69298
17856 11.9949 -2.72225
18048 12.1299 -2.75152
18240 12.2259 -2.7808
18432 12.3578 -2.81007
18624 12.4908 -2.83934
18816 12.5974 -2.86861
19008 12.7628 -2.89788
19200 12.8857 -2.92715
19392 13.1004 -2.95643
19584 13.1032 -2.9857
19776 13.2514 -3.01497
19968 13.3937 -3.04424
20160 13.512 -3.07351
20352 13.6371 -3.10278
20544 13.7999 -3.13205
20736 13.9165 -3.16133
20928 14.0124 -3.1906
21120 14.2234 -3.21987
21312 14.3601 -3.24914
21504 14.4129 -3.27841
21696 14.6423 -3.30768
21888 14.6514 -3.33696
22080 14.7941 -3.36623
22272 14.8991 -3.3955
22464 15.0664 -3.42477
22656 15.1651 -3.45404
22848 15.442 -3.48331
23040 15.465 -3.51258
23232 15.5726 -3.54186
23424 15.6989 -3.57113
23616 15.814 -3.6004
23808 15.9946 -3.62967
24000 16.151 -3.65894
24192 16.287 -3.68821
24384 16.3802 -3.71749
24576 16.4755 -3.74676
24768 16.6218 -3.77603
24960 16.739 -3.8053
25152 16.8679 -3.83457
25344 16.9893 -3.86384
25536 17.3041 -3.89311
25728 17.277 -3.92239
25920 17.4082 -3.95166
26112 17.5852 -3.98093
26304 17.7277 -4.0102
26496 17.789 -4.03947
26688 18.1837 -4.06874
26880 18.0593 -4.09802
27072 18.1506 -4.12729
27264 18.2698 -4.15656
27456 18.5296 -4.18583
27648 18.6915 -4.2151
27840 18.6844 -4.24437
28032 18.865 -4.27364
28224 18.9976 -4.30292
28416 19.0603 -4.33219
28608 19.1566 -4.36146
28800 19.3322 -4.39073
28992 19.5154 -4.42
29184 19.5859 -4.44927
29376 19.7175 -4.47855
29568 19.8633 -4.50782
29760 19.9284 -4.53709
29952 20.2447 -4.56636
30144 20.1895 -4.59563
30336 20.391 -4.6249
30528 20.4745 -4.65417
30720 20.7365 -4.68345
30912 20.7392 -4.71272
31104 20.8718 -4.74199
31296 21.0121 -4.77126
31488 21.1333 -4.80053
31680 21.2462 -4.8298
31872 21.3701 -4.85908
32064 21.5538 -4.88835
32256 21.6409 -4.91762
32448 21.7289 -4.94689
32640 21.8928 -4.97616
32832 22.2211 -5.00543
33024 22.3206 -5.0347
33216 22.32 -5.06398
33408 22.6847 -5.09325
33600 22.6024 -5.12252
33792 22.7219 -5.15179
33984 22.8252 -5.18106
34176 22.9268 -5.21033
34368 23.2093 -5.23961
34560 23.4332 -5.26888
34752 23.3564 -5.29815
34944 23.4886 -5.32742
35136 23.5505 -5.35669
35328 23.7112 -5.38596
35520 23.922 -5.41523
35712 23.9617 -5.44451
35904 24.1595 -5.47378
36096 24.2553 -5.50305
36288 24.3349 -5.53232
36480 24.5383 -5.56159
36672 24.6575 -5.59086
36864 24.8159 -5.62014
37056 24.8518 -5.64941
37248 24.9902 -5.67868
37440 25.0996 -5.70795
37632 25.2322 -5.73722
37824 25.3676 -5.76649
38016 25.4927 -5.79576
38208 25.6425 -5.82504
38400 25.9266 -5.85431
